...运行结果...
排序前:16807 86383 591308 84083 13456 524209 198011 456291 8383 838913 
排序后:8383 13456 16807 84083 86383 198011 456291 524209 591308 838913 
本组比较次数：64

---------------------------------
排序前:866720 198864 466696 226283 577362 916821 288498 287202 270358 377225 
排序后:198864 226283 270358 287202 288498 377225 466696 577362 866720 916821 
本组比较次数：62

---------------------------------
排序前:744804 839377 152430 234406 179879 599785 388154 228195 247483 665381 
排序后:152430 179879 228195 234406 247483 388154 599785 665381 744804 839377 
本组比较次数：63

---------------------------------
排序前:775762 183432 414947 184382 97163 591910 490821 464115 748035 891414 
排序后:97163 183432 184382 414947 464115 490821 591910 748035 775762 891414 
本组比较次数：64

---------------------------------
排序前:129161 115782 573329 401776 999768 592032 282967 15413 916698 79494 
排序后:15413 79494 115782 129161 282967 401776 573329 592032 916698 999768 
本组比较次数：62

---------------------------------
排序前:778936 207327 363331 244145 503582 362691 63295 666307 427003 931139 
排序后:63295 207327 244145 362691 363331 427003 503582 666307 778936 931139 
本组比较次数：62

---------------------------------
排序前:522496 449517 60579 457574 90147 10249 750545 407257 488006 700198 
排序后:10249 60579 90147 407257 449517 457574 488006 522496 700198 750545 
本组比较次数：63

---------------------------------
排序前:453248 687301 563165 944786 37305 117106 350169 316219 159136 945463 
排序后:37305 117106 159136 316219 350169 453248 563165 687301 944786 945463 
本组比较次数：63

---------------------------------
排序前:227142 77089 758375 67229 661775 93354 732701 755757 589879 533803 
排序后:67229 77089 93354 227142 533803 589879 661775 732701 755757 758375 
本组比较次数：62

---------------------------------
排序前:15579 983767 548937 581949 927310 347718 798722 343312 697890 588384 
排序后:15579 343312 347718 548937 581949 588384 697890 798722 927310 983767 
本组比较次数：64da r

---------------------------------

--------------结束-----------------

平均比较次数：62
